111.96952719141859
kupiec 检验：不拒绝原假设, 违约次数: 16
| 105       | -0.04249  | 225.9     | 0.3234    | 67.18     | 0.003897  | 18.25     | 11.83     | 10.54     | 121.3     | 1.381e+03 | 1.624     | 0.6464    | 5.626e-05 |
70.74738148308843
kupiec 检验：不拒绝原假设, 违约次数: 9
| 106       | -0.002023 | 246.8     | 0.2428    | 14.79     | 0.04492   | 14.84     | 14.44     | 10.33     | 76.47     | 1.683e+03 | 3.796     | 0.9201    | 8.229e-05 |
23.63635781642538
kupiec 检验：不拒绝原假设, 违约次数: 1
| 107       | -0.04422  | 180.9     | 0.1899    | 106.2     | 0.02197   | 12.11     | 6.463     | 15.25     | 154.0     | 1.112e+03 | 3.478     | 0.004496  | 3.861e-05 |
17.7474798580925
kupiec 检验：不拒绝原假设, 违约次数: 0
| 108       | -0.05     | 143.0     | 0.3602    | 108.8     | 0.09595   | 5.515     | 3.642     | 3.141     | 93.62     | 890.6     | 2.878     | 0.2388    | 5.518e-05 |
64.85850352475555
kupiec 检验：不拒绝原假设, 违约次数: 8
| 109       | -0.003757 | 98.13     | 0.3619    | 24.71     | 0.001136  | 8.753     | 3.468     | 19.25     | 173.9     | 1.721e+03 | 1.435     | 0.4091    | 8.02e-05  |
82.52513739975419
kupiec 检验：不拒绝原假设, 违约次数: 11
| 110       | -0.01358  | 250.6     | 0.06412   | 67.55     | 0.003125  | 14.77     | 13.59     | 17.08     | 165.2     | 758.5     | 2.485     | 0.3488    | 4.725e-06 |
47.1918696497569
kupiec 检验：不拒绝原假设, 违约次数: 5
| 111       | -0.0211   | 96.89     | 0.0722    | 70.01     | 0.02472   | 9.885     | 2.236     | 15.18     | 157.3     | 1.814e+03 | 1.774     | 0.1913    | 9.565e-05 |
64.85850352475555
kupiec 检验：不拒绝原假设, 违约次数: 8
| 112       | -0.003757 | 213.0     | 0.0004391 | 4.267     | 0.03304   | 8.069     | 13.14     | 5.259     | 144.7     | 957.1     | 3.586     | 0.5818    | 2.778e-05 |
58.969625566422664
kupiec 检验：不拒绝原假设, 违约次数: 7
| 113       | -0.009538 | 51.48     | 0.4934    | 5.661     | 0.08022   | 22.11     | 5.498     | 19.18     | 86.36     | 1.607e+03 | 2.451     | 0.3698    | 6.898e-05 |
17.7474798580925
kupiec 检验：不拒绝原假设, 违约次数: 0
| 114       | -0.05     | 228.9     | 0.2721    | 61.52     | 0.08804   | 23.51     | 2.495     | 3.179     | 174.2     | 796.2     | 1.496     | 0.8811    | 3.569e-05 |
29.52523577475826
kupiec 检验：不拒绝原假设, 违约次数: 2
| 115       | -0.03844  | 92.72     | 0.4224    | 55.72     | 0.07064   | 8.815     | 10.78     | 18.49     | 189.0     | 1.865e+03 | 2.245     | 0.3605    | 4.055e-05 |
76.6362594414213
kupiec 检验：不拒绝原假设, 违约次数: 10
| 116       | -0.007803 | 21.28     | 0.4002    | 89.44     | 0.02338   | 22.9      | 2.412     | 13.08     | 90.57     | 1.196e+03 | 1.62      | 0.902     | 1.599e-05 |
82.52513739975419
kupiec 检验：不拒绝原假设, 违约次数: 11
| 117       | -0.01358  | 248.9     | 0.128     | 29.65     | 0.09313   | 29.05     | 5.623     | 12.8      | 159.6     | 1.829e+03 | 3.978     | 0.3956    | 4.897e-05 |
53.08074760808979
kupiec 检验：不拒绝原假设, 违约次数: 6
| 118       | -0.01532  | 210.8     | 0.4408    | 20.23     | 0.08789   | 13.84     | 11.25     | 3.208     | 102.8     | 1.139e+03 | 1.098     | 0.9566    | 3.251e-05 |
23.63635781642538
kupiec 检验：不拒绝原假设, 违约次数: 1
| 119       | -0.04422  | 196.2     | 0.4679    | 58.0      | 0.09548   | 28.89     | 1.526     | 4.215     | 159.1     | 1.632e+03 | 1.594     | 0.77      | 8.135e-05 |
41.302991691424026
kupiec 检验：不拒绝原假设, 违约次数: 4
| 120       | -0.02688  | 212.5     | 0.4451    | 39.67     | 0.04572   | 7.996     | 9.602     | 12.94     | 58.76     | 689.6     | 1.763     | 0.8361    | 3.729e-05 |
82.52513739975419
kupiec 检验：不拒绝原假设, 违约次数: 11
| 121       | -0.01358  | 234.8     | 0.46      | 44.64     | 0.05118   | 5.189     | 8.064     | 4.252     | 67.31     | 1.52e+03  | 1.965     | 0.4033    | 6.489e-05 |
100.19177127475282
kupiec 检验：不拒绝原假设, 违约次数: 14
| 122       | -0.03092  | 218.4     | 0.2923    | 40.77     | 0.01024   | 12.95     | 3.966     | 3.266     | 173.1     | 1.712e+03 | 3.019     | 0.3175    | 6.829e-05 |
106.08064923308571
kupiec 检验：不拒绝原假设, 违约次数: 15
| 123       | -0.03671  | 8.628     | 0.04866   | 83.52     | 0.06623   | 22.69     | 4.418     | 8.033     | 184.4     | 1.756e+03 | 2.725     | 0.02369   | 9.331e-05 |
53.08074760808979
kupiec 检验：不拒绝原假设, 违约次数: 6
| 124       | -0.01532  | 175.5     | 0.4513    | 62.48     | 0.08501   | 9.12      | 12.84     | 9.745     | 160.0     | 1.041e+03 | 1.647     | 0.1288    | 7.712e-05 |
117.85840514975148
kupiec 检验：不拒绝原假设, 违约次数: 17
| 125       | -0.04827  | 193.6     | 0.1205    | 20.25     | 0.07078   | 13.38     | 10.6      | 18.82     | 61.63     | 502.4     | 2.141     | 0.8649    | 2.798e-05 |
53.08074760808979
kupiec 检验：不拒绝原假设, 违约次数: 6
| 126       | -0.01532  | 72.82     | 0.2503    | 121.0     | 0.07393   | 5.768     | 3.973     | 5.015     | 81.27     | 816.2     | 3.009     | 0.692     | 7.274e-05 |
41.302991691424026
kupiec 检验：不拒绝原假设, 违约次数: 4
| 127       | -0.02688  | 165.0     | 0.1146    | 8.266     | 0.06405   | 28.14     | 11.87     | 4.984     | 108.4     | 1.759e+03 | 2.968     | 0.1976    | 6.694e-05 |
47.1918696497569
kupiec 检验：不拒绝原假设, 违约次数: 5
| 128       | -0.0211   | 253.5     | 0.08213   | 24.0      | 0.04994   | 21.7      | 10.18     | 16.44     | 123.9     | 1.286e+03 | 2.979     | 0.3726    | 8.063e-06 |
23.63635781642538
kupiec 检验：不拒绝原假设, 违约次数: 1
| 129       | -0.04422  | 61.79     | 0.3989    | 110.7     | 0.05774   | 18.12     | 10.14     | 15.28     | 106.7     | 1.439e+03 | 2.566     | 0.4833    | 4.547e-05 |
70.74738148308843
kupiec 检验：不拒绝原假设, 违约次数: 9
| 130       | -0.002023 | 145.0     | 0.1579    | 93.92     | 0.01675   | 10.76     | 10.59     | 19.51     | 159.2     | 1.358e+03 | 3.335     | 0.6771    | 6.781e-06 |
47.1918696497569
kupiec 检验：不拒绝原假设, 违约次数: 5
| 131       | -0.0211   | 228.2     | 0.4058    | 18.11     | 0.02385   | 22.71     | 5.236     | 18.59     | 119.8     | 908.7     | 1.459     | 0.7142    | 8.894e-05 |
53.08074760808979
kupiec 检验：不拒绝原假设, 违约次数: 6
| 132       | -0.01532  | 117.9     | 0.2213    | 73.78     | 0.007229  | 22.03     | 9.958     | 16.88     | 143.9     | 1.337e+03 | 3.147     | 0.714     | 7.165e-05 |
53.08074760808979
kupiec 检验：不拒绝原假设, 违约次数: 6
| 133       | -0.01532  | 207.0     | 0.02005   | 55.19     | 0.01337   | 8.191     | 10.31     | 13.27     | 78.71     | 1.995e+03 | 1.545     | 0.678     | 2.523e-05 |
123.74728310808435
kupiec 检验：不拒绝原假设, 违约次数: 18
| 134       | -0.05405  | 203.2     | 0.1421    | 111.0     | 0.04601   | 13.81     | 3.523     | 4.492     | 126.4     | 1.503e+03 | 2.314     | 0.01605   | 3.244e-05 |
35.41411373309114
kupiec 检验：不拒绝原假设, 违约次数: 3
| 135       | -0.03266  | 103.7     | 0.228     | 87.97     | 0.02029   | 24.29     | 10.24     | 11.85     | 50.79     | 1.821e+03 | 1.466     | 0.489     | 2.129e-05 |
35.41411373309114
kupiec 检验：不拒绝原假设, 违约次数: 3
| 136       | -0.03266  | 104.0     | 0.4346    | 92.9      | 0.02352   | 11.56     | 8.862     | 7.565     | 154.0     | 1.222e+03 | 1.584     | 0.08554   | 8.532e-05 |
64.85850352475555
kupiec 检验：不拒绝原假设, 违约次数: 8
| 137       | -0.003757 | 164.2     | 0.4088    | 18.77     | 0.01829   | 27.43     | 2.353     | 14.18     | 88.26     | 1.781e+03 | 3.619     | 0.881     | 3.048e-05 |
82.52513739975419
kupiec 检验：不拒绝原假设, 违约次数: 11
| 138       | -0.01358  | 142.7     | 0.3963    | 20.56     | 0.07991   | 20.94     | 4.225     | 10.52     | 76.25     | 557.8     | 1.388     | 0.3128    | 6.54e-05  |
82.52513739975419
kupiec 检验：不拒绝原假设, 违约次数: 11
| 139       | -0.01358  | 193.3     | 0.4733    | 51.37     | 0.02977   | 6.868     | 11.3      | 19.46     | 150.4     | 1.53e+03  | 3.464     | 0.06036   | 8.347e-05 |
111.96952719141859
kupiec 检验：不拒绝原假设, 违约次数: 16
| 140       | -0.04249  | 151.0     | 0.3285    | 15.33     | 0.06134   | 12.78     | 6.971     | 13.29     | 96.0      | 1.917e+03 | 1.973     | 0.1843    | 1.182e-05 |
70.74738148308843
kupiec 检验：不拒绝原假设, 违约次数: 9
| 141       | -0.002023 | 52.79     | 0.04908   | 4.673     | 0.08141   | 6.772     | 5.832     | 14.01     | 84.3      | 770.1     | 2.017     | 0.9859    | 3.941e-05 |
35.41411373309114
kupiec 检验：不拒绝原假设, 违约次数: 3
| 142       | -0.03266  | 89.99     | 0.1902    | 41.53     | 0.04476   | 26.78     | 7.801     | 15.26     | 124.5     | 993.6     | 2.72      | 0.9359    | 2.201e-05 |
111.96952719141859
kupiec 检验：不拒绝原假设, 违约次数: 16
| 143       | -0.04249  | 81.1      | 0.4804    | 73.93     | 0.08096   | 27.17     | 8.45      | 14.18     | 183.4     | 1.21e+03  | 2.566     | 0.3594    | 1.466e-05 |
17.7474798580925
kupiec 检验：不拒绝原假设, 违约次数: 0
| 144       | -0.05     | 81.24     | 0.08225   | 126.0     | 0.07801   | 12.95     | 10.88     | 10.36     | 182.2     | 1.303e+03 | 1.864     | 0.7837    | 2.915e-05 |
64.85850352475555
kupiec 检验：不拒绝原假设, 违约次数: 8
| 145       | -0.003757 | 127.0     | 0.3942    | 5.736     | 0.07941   | 11.06     | 10.01     | 14.25     | 84.31     | 1.222e+03 | 3.556     | 0.3423    | 8.045e-05 |
70.74738148308843
kupiec 检验：不拒绝原假设, 违约次数: 9
| 146       | -0.002023 | 190.3     | 0.4728    | 74.21     | 0.07854   | 10.4      | 6.34      | 3.251     | 177.0     | 1.121e+03 | 3.317     | 0.439     | 3.549e-05 |
29.52523577475826
kupiec 检验：不拒绝原假设, 违约次数: 2
| 147       | -0.03844  | 159.2     | 0.3586    | 100.1     | 0.09171   | 13.33     | 11.76     | 3.008     | 195.4     | 1.939e+03 | 1.437     | 0.1244    | 9.553e-06 |
135.52503902475013
kupiec 检验：不拒绝原假设, 违约次数: 20
| 148       | -0.06561  | 192.6     | 0.3352    | 78.15     | 0.0345    | 25.6      | 3.713     | 10.04     | 122.2     | 1.045e+03 | 1.051     | 0.1076    | 7.42e-05  |
23.63635781642538
kupiec 检验：不拒绝原假设, 违约次数: 1
| 149       | -0.04422  | 10.26     | 0.04851   | 52.59     | 0.09022   | 9.942     | 10.09     | 2.411     | 141.9     | 1.705e+03 | 2.91      | 0.3757    | 3e-05     |
82.52513739975419
kupiec 检验：不拒绝原假设, 违约次数: 11
| 150       | -0.01358  | 218.8     | 0.1809    | 48.32     | 0.0588    | 22.72     | 12.34     | 13.17     | 96.06     | 1.116e+03 | 3.347     | 0.06445   | 3.751e-05 |
129.63616106641723
kupiec 检验：不拒绝原假设, 违约次数: 19
| 151       | -0.05983  | 240.9     | 0.3854    | 102.6     | 0.04548   | 17.78     | 14.34     | 12.42     | 71.01     | 1.29e+03  | 3.874     | 0.2284    | 1.619e-05 |
17.7474798580925
kupiec 检验：不拒绝原假设, 违约次数: 0
| 152       | -0.05     | 224.9     | 0.07638   | 116.8     | 0.08792   | 20.07     | 3.199     | 6.409     | 158.6     | 628.4     | 1.988     | 0.5865    | 8.049e-05 |
58.969625566422664
kupiec 检验：不拒绝原假设, 违约次数: 7
| 153       | -0.009538 | 156.2     | 0.2205    | 26.6      | 0.02643   | 23.35     | 14.14     | 10.23     | 92.08     | 1.452e+03 | 3.998     | 0.2967    | 3.39e-05  |
47.1918696497569
kupiec 检验：不拒绝原假设, 违约次数: 5
| 154       | -0.0211   | 129.2     | 0.234     | 35.02     | 0.03787   | 8.893     | 13.1      | 15.59     | 67.13     | 1.778e+03 | 1.868     | 0.3973    | 7.202e-05 |
17.7474798580925
kupiec 检验：不拒绝原假设, 违约次数: 0
| 155       | -0.05     | 113.0     | 0.136     | 117.0     | 0.01901   | 21.2      | 2.24      | 13.61     | 111.2     | 1.763e+03 | 3.778     | 0.791     | 6.168e-05 |
35.41411373309114
kupiec 检验：不拒绝原假设, 违约次数: 3
| 156       | -0.03266  | 98.45     | 0.3721    | 90.06     | 0.03086   | 26.05     | 12.14     | 2.761     | 141.5     | 1.404e+03 | 2.662     | 0.6416    | 3.77e-05  |
100.19177127475282
kupiec 检验：不拒绝原假设, 违约次数: 14
| 157       | -0.03092  | 166.8     | 0.4614    | 70.08     | 0.06291   | 17.58     | 5.854     | 14.38     | 135.9     | 1.009e+03 | 1.845     | 0.6823    | 2.363e-05 |
41.302991691424026
kupiec 检验：不拒绝原假设, 违约次数: 4
| 158       | -0.02688  | 4.232     | 0.06438   | 79.82     | 0.06602   | 22.91     | 12.38     | 17.45     | 144.5     | 1.7e+03   | 1.265     | 0.5602    | 2.958e-05 |
41.302991691424026
kupiec 检验：不拒绝原假设, 违约次数: 4
| 159       | -0.02688  | 83.37     | 0.1149    | 61.22     | 0.07501   | 25.49     | 9.072     | 17.6      | 144.5     | 725.0     | 2.216     | 0.5652    | 1.184e-05 |
23.63635781642538
kupiec 检验：不拒绝原假设, 违约次数: 1
| 160       | -0.04422  | 239.8     | 0.07498   | 37.07     | 0.07953   | 6.917     | 12.33     | 5.528     | 111.4     | 895.0     | 2.251     | 0.5592    | 9.085e-05 |
111.96952719141859
kupiec 检验：不拒绝原假设, 违约次数: 16
| 161       | -0.04249  | 200.0     | 0.2751    | 29.66     | 0.06778   | 24.92     | 12.17     | 7.35      | 116.2     | 1.191e+03 | 2.694     | 0.31      | 1.714e-05 |
88.41401535808707
kupiec 检验：不拒绝原假设, 违约次数: 12
| 162       | -0.01936  | 127.3     | 0.1073    | 58.93     | 0.07698   | 14.97     | 7.695     | 15.81     | 53.66     | 1.733e+03 | 3.326     | 0.1322    | 5.891e-05 |
53.08074760808979
kupiec 检验：不拒绝原假设, 违约次数: 6
| 163       | -0.01532  | 34.56     | 0.3533    | 48.85     | 0.02507   | 29.19     | 3.964     | 16.18     | 183.6     | 1.552e+03 | 2.96      | 0.305     | 2.454e-05 |
29.52523577475826
kupiec 检验：不拒绝原假设, 违约次数: 2
| 164       | -0.03844  | 88.62     | 0.2587    | 89.86     | 0.06612   | 21.69     | 12.29     | 16.12     | 179.8     | 847.4     | 3.536     | 0.2084    | 1.122e-05 |
111.96952719141859
kupiec 检验：不拒绝原假设, 违约次数: 16
| 165       | -0.04249  | 172.5     | 0.4305    | 5.471     | 0.03011   | 12.52     | 4.261     | 11.1      | 181.7     | 1.135e+03 | 3.14      | 0.2766    | 9.241e-05 |
53.08074760808979
kupiec 检验：不拒绝原假设, 违约次数: 6
| 166       | -0.01532  | 254.9     | 0.05299   | 107.3     | 0.0274    | 6.227     | 6.144     | 14.35     | 186.3     | 1.223e+03 | 2.906     | 0.005145  | 6.4e-05   |
53.08074760808979
kupiec 检验：不拒绝原假设, 违约次数: 6
| 167       | -0.01532  | 47.02     | 0.1685    | 31.31     | 0.04023   | 5.427     | 1.542     | 12.65     | 72.35     | 750.5     | 3.84      | 0.3435    | 6.047e-05 |
47.1918696497569
kupiec 检验：不拒绝原假设, 违约次数: 5
| 168       | -0.0211   | 226.4     | 0.3845    | 55.21     | 0.07438   | 15.78     | 6.249     | 9.158     | 157.7     | 936.2     | 1.507     | 0.4105    | 8.187e-05 |
17.7474798580925
kupiec 检验：不拒绝原假设, 违约次数: 0
| 169       | -0.05     | 161.3     | 0.4874    | 96.84     | 0.09828   | 9.699     | 4.153     | 15.47     | 182.9     | 1.601e+03 | 1.808     | 0.2681    | 5.881e-05 |
111.96952719141859
kupiec 检验：不拒绝原假设, 违约次数: 16
| 170       | -0.04249  | 212.8     | 0.02525   | 123.9     | 0.01128   | 5.93      | 5.765     | 3.241     | 190.0     | 1.297e+03 | 2.901     | 0.1136    | 7.971e-05 |
82.52513739975419
kupiec 检验：不拒绝原假设, 违约次数: 11
| 171       | -0.01358  | 132.1     | 0.2088    | 36.9      | 0.09497   | 25.34     | 7.539     | 6.4       | 196.7     | 946.4     | 3.764     | 0.7539    | 9.966e-05 |
58.969625566422664
kupiec 检验：不拒绝原假设, 违约次数: 7
| 172       | -0.009538 | 137.1     | 0.4578    | 14.74     | 0.08701   | 5.292     | 6.516     | 6.421     | 98.16     | 572.0     | 2.491     | 0.335     | 1.897e-06 |
141.413916983083
kupiec 检验：不拒绝原假设, 违约次数: 21
| 173       | -0.07139  | 210.9     | 0.1809    | 76.21     | 0.02129   | 5.143     | 13.56     | 3.359     | 104.9     | 1.313e+03 | 3.163     | 0.2962    | 2.805e-05 |
35.41411373309114
kupiec 检验：不拒绝原假设, 违约次数: 3
| 174       | -0.03266  | 84.76     | 0.4728    | 26.2      | 0.03516   | 26.79     | 3.403     | 16.0      | 142.0     | 1.924e+03 | 2.548     | 0.4908    | 6.026e-05 |
82.52513739975419
kupiec 检验：不拒绝原假设, 违约次数: 11
| 175       | -0.01358  | 135.0     | 0.1867    | 85.15     | 0.09484   | 22.93     | 12.95     | 17.32     | 131.0     | 834.0     | 2.31      | 0.5104    | 6.08e-05  |
70.74738148308843
kupiec 检验：不拒绝原假设, 违约次数: 9
| 176       | -0.002023 | 54.75     | 0.3439    | 120.6     | 0.01171   | 20.9      | 2.364     | 9.507     | 175.8     | 1.045e+03 | 2.799     | 0.9217    | 4.622e-05 |
17.7474798580925
kupiec 检验：不拒绝原假设, 违约次数: 0
| 177       | -0.05     | 14.14     | 0.2227    | 69.15     | 0.0936    | 22.65     | 4.679     | 12.82     | 144.8     | 1.164e+03 | 3.255     | 0.6512    | 8.912e-05 |
41.302991691424026
kupiec 检验：不拒绝原假设, 违约次数: 4
| 178       | -0.02688  | 164.4     | 0.1583    | 55.0      | 0.02817   | 15.18     | 7.532     | 10.96     | 198.7     | 1.259e+03 | 3.026     | 0.9865    | 9.099e-05 |
64.85850352475555
kupiec 检验：不拒绝原假设, 违约次数: 8
| 179       | -0.003757 | 229.7     | 0.38      | 11.19     | 0.08891   | 5.303     | 11.18     | 4.183     | 195.8     | 1.064e+03 | 3.118     | 0.733     | 3.849e-06 |
506.5243503997216
kupiec 检验：不拒绝原假设, 违约次数: 83
| 180       | -0.4298   | 92.25     | 0.335     | 74.96     | 0.0485    | 14.77     | 2.099     | 2.562     | 171.6     | 551.5     | 1.676     | 0.3164    | 6.271e-05 |
64.85850352475555
kupiec 检验：不拒绝原假设, 违约次数: 8
| 181       | -0.003757 | 141.0     | 0.1226    | 50.73     | 0.08993   | 11.67     | 1.473     | 12.63     | 167.1     | 1.355e+03 | 3.701     | 0.3424    | 4.912e-05 |
47.1918696497569
kupiec 检验：不拒绝原假设, 违约次数: 5
| 182       | -0.0211   | 5.49      | 0.134     | 6.209     | 0.01813   | 9.485     | 10.32     | 18.62     | 160.9     | 1.662e+03 | 3.179     | 0.7763    | 8.199e-05 |
70.74738148308843
kupiec 检验：不拒绝原假设, 违约次数: 9
| 183       | -0.002023 | 117.8     | 0.4456    | 29.84     | 0.0007209 | 12.31     | 13.94     | 9.393     | 115.1     | 748.7     | 1.885     | 0.8342    | 2.954e-05 |
153.19167289974877
kupiec 检验：不拒绝原假设, 违约次数: 23
| 184       | -0.08295  | 128.5     | 0.4269    | 40.44     | 0.0231    | 21.59     | 1.39      | 8.915     | 167.5     | 1.411e+03 | 3.345     | 0.4099    | 2.493e-05 |
58.969625566422664
kupiec 检验：不拒绝原假设, 违约次数: 7
| 185       | -0.009538 | 57.49     | 0.3075    | 10.26     | 0.009884  | 16.76     | 2.944     | 18.74     | 85.94     | 747.1     | 1.249     | 0.4559    | 6.22e-05  |
58.969625566422664
kupiec 检验：不拒绝原假设, 违约次数: 7
| 186       | -0.009538 | 109.4     | 0.09427   | 23.99     | 0.04801   | 22.36     | 5.264     | 10.64     | 56.45     | 1.075e+03 | 2.92      | 0.3386    | 7.253e-05 |
23.63635781642538
kupiec 检验：不拒绝原假设, 违约次数: 1
| 187       | -0.04422  | 126.9     | 0.3718    | 88.94     | 0.09865   | 23.7      | 8.252     | 6.366     | 91.97     | 1.87e+03  | 1.589     | 0.3986    | 6.935e-05 |
47.1918696497569
kupiec 检验：不拒绝原假设, 违约次数: 5
| 188       | -0.0211   | 231.0     | 0.3168    | 13.09     | 0.02177   | 22.51     | 12.74     | 3.414     | 59.48     | 1.588e+03 | 1.77      | 0.7857    | 8.643e-06 |
76.6362594414213
kupiec 检验：不拒绝原假设, 违约次数: 10
| 189       | -0.007803 | 243.0     | 0.1959    | 62.13     | 0.02926   | 28.04     | 4.402     | 3.116     | 64.79     | 1.871e+03 | 3.026     | 0.9628    | 9.626e-05 |
100.19177127475282
kupiec 检验：不拒绝原假设, 违约次数: 14
| 190       | -0.03092  | 144.0     | 0.4597    | 73.8      | 0.03524   | 12.66     | 11.26     | 13.04     | 152.8     | 1.371e+03 | 3.12      | 0.668     | 8.148e-05 |
64.85850352475555
kupiec 检验：不拒绝原假设, 违约次数: 8
| 191       | -0.003757 | 199.9     | 0.1023    | 107.0     | 0.09387   | 19.52     | 8.8       | 15.02     | 94.64     | 1.586e+03 | 2.133     | 0.9918    | 7.901e-05 |
41.302991691424026
kupiec 检验：不拒绝原假设, 违约次数: 4
| 192       | -0.02688  | 154.3     | 0.2087    | 124.5     | 0.0004034 | 14.21     | 2.207     | 6.303     | 51.2      | 1.22e+03  | 1.954     | 0.2387    | 5.013e-05 |
70.74738148308843
kupiec 检验：不拒绝原假设, 违约次数: 9
| 193       | -0.002023 | 239.0     | 0.02656   | 101.4     | 0.07415   | 18.78     | 2.615     | 7.732     | 160.2     | 1.9e+03   | 1.346     | 0.2318    | 3.629e-05 |
64.85850352475555
kupiec 检验：不拒绝原假设, 违约次数: 8
| 194       | -0.003757 | 19.07     | 0.3821    | 84.21     | 0.0153    | 28.81     | 3.416     | 9.739     | 182.0     | 967.5     | 3.769     | 0.954     | 3.662e-05 |
70.74738148308843
kupiec 检验：不拒绝原假设, 违约次数: 9
| 195       | -0.002023 | 251.3     | 0.3351    | 61.6      | 0.0845    | 20.77     | 2.294     | 8.853     | 82.21     | 1.851e+03 | 2.294     | 0.1662    | 9.866e-05 |
53.08074760808979
kupiec 检验：不拒绝原假设, 违约次数: 6
| 196       | -0.01532  | 232.2     | 0.3968    | 60.32     | 0.07587   | 12.37     | 7.041     | 10.44     | 85.38     | 1.875e+03 | 2.143     | 0.2882    | 1.762e-05 |
58.969625566422664
kupiec 检验：不拒绝原假设, 违约次数: 7
| 197       | -0.009538 | 136.3     | 0.1813    | 26.3      | 0.0561    | 8.159     | 10.32     | 4.549     | 104.1     | 1.758e+03 | 3.249     | 0.5405    | 7.793e-05 |
53.08074760808979
kupiec 检验：不拒绝原假设, 违约次数: 6
| 198       | -0.01532  | 18.19     | 0.4529    | 85.25     | 0.04736   | 26.54     | 5.164     | 11.98     | 92.52     | 1.203e+03 | 3.624     | 0.1598    | 9.527e-06 |
35.41411373309114
kupiec 检验：不拒绝原假设, 违约次数: 3
| 199       | -0.03266  | 245.5     | 0.3284    | 94.94     | 0.09407   | 26.63     | 7.334     | 15.06     | 70.88     | 1.868e+03 | 2.832     | 0.4958    | 6.854e-05 |
82.52513739975419
kupiec 检验：不拒绝原假设, 违约次数: 11
| 200       | -0.01358  | 252.8     | 0.1245    | 48.47     | 0.03885   | 10.89     | 8.25      | 12.86     | 63.99     | 1.834e+03 | 2.069     | 0.5373    | 4.36e-05  |
53.08074760808979
kupiec 检验：不拒绝原假设, 违约次数: 6
| 201       | -0.01532  | 215.0     | 0.3975    | 46.11     | 0.03139   | 24.41     | 8.112     | 15.42     | 101.1     | 1.841e+03 | 2.195     | 0.9228    | 7.041e-05 |
64.85850352475555
kupiec 检验：不拒绝原假设, 违约次数: 8
| 202       | -0.003757 | 238.5     | 0.1844    | 66.53     | 0.05854   | 17.51     | 10.77     | 13.64     | 83.91     | 1.827e+03 | 3.866     | 0.06924   | 4.833e-05 |
111.96952719141859
kupiec 检验：不拒绝原假设, 违约次数: 16
| 203       | -0.04249  | 147.0     | 0.4504    | 43.58     | 0.01066   | 18.39     | 4.264     | 14.2      | 105.1     | 763.8     | 1.136     | 0.02553   | 2.835e-05 |
64.85850352475555
kupiec 检验：不拒绝原假设, 违约次数: 8
| 204       | -0.003757 | 234.9     | 0.3129    | 42.75     | 0.05947   | 13.69     | 11.01     | 7.229     | 85.54     | 1.848e+03 | 2.218     | 0.5012    | 6.732e-05 |
17.7474798580925
kupiec 检验：不拒绝原假设, 违约次数: 0
| 205       | -0.05     | 181.2     | 0.04578   | 110.3     | 0.06712   | 29.95     | 6.407     | 5.517     | 66.94     | 570.1     | 1.694     | 0.7176    | 9.933e-05 |
53.08074760808979
kupiec 检验：不拒绝原假设, 违约次数: 6
| 206       | -0.01532  | 127.0     | 0.4653    | 51.95     | 0.03695   | 28.4      | 5.771     | 7.992     | 107.2     | 768.3     | 2.181     | 0.4005    | 5.531e-05 |
111.96952719141859
kupiec 检验：不拒绝原假设, 违约次数: 16
| 207       | -0.04249  | 7.32      | 0.163     | 84.21     | 0.001268  | 28.19     | 11.82     | 13.94     | 181.4     | 1.209e+03 | 2.337     | 0.5814    | 1.068e-05 |
58.969625566422664
kupiec 检验：不拒绝原假设, 违约次数: 7
| 208       | -0.009538 | 57.84     | 0.1718    | 93.14     | 0.05984   | 8.935     | 3.907     | 4.605     | 99.94     | 614.8     | 2.355     | 0.8798    | 8.047e-05 |
23.63635781642538
kupiec 检验：不拒绝原假设, 违约次数: 1
| 209       | -0.04422  | 7.546     | 0.2545    | 43.4      | 0.02717   | 25.12     | 4.05      | 2.808     | 174.1     | 1.105e+03 | 3.775     | 0.8428    | 7.009e-05 |
47.1918696497569
kupiec 检验：不拒绝原假设, 违约次数: 5
| 210       | -0.0211   | 40.89     | 0.4131    | 48.15     | 0.08633   | 13.08     | 6.17      | 12.26     | 123.2     | 1.746e+03 | 2.049     | 0.8358    | 4.51e-05  |
47.1918696497569
kupiec 检验：不拒绝原假设, 违约次数: 5
| 211       | -0.0211   | 68.63     | 0.4411    | 67.28     | 0.007592  | 25.54     | 1.591     | 4.738     | 104.3     | 558.4     | 1.594     | 0.8453    | 8.652e-05 |
82.52513739975419
kupiec 检验：不拒绝原假设, 违约次数: 11
| 212       | -0.01358  | 220.8     | 0.03386   | 65.98     | 0.09912   | 25.32     | 2.213     | 12.46     | 81.0      | 1.846e+03 | 2.184     | 0.827     | 7.364e-05 |
76.6362594414213
kupiec 检验：不拒绝原假设, 违约次数: 10
| 213       | -0.007803 | 128.4     | 0.2031    | 35.74     | 0.005052  | 29.45     | 7.086     | 17.72     | 119.6     | 751.8     | 2.758     | 0.3015    | 3.348e-05 |
29.52523577475826
kupiec 检验：不拒绝原假设, 违约次数: 2
| 214       | -0.03844  | 246.0     | 0.0723    | 63.25     | 0.03771   | 19.17     | 4.89      | 2.668     | 102.3     | 1.846e+03 | 1.378     | 0.3215    | 3.631e-05 |
129.63616106641723
kupiec 检验：不拒绝原假设, 违约次数: 19
| 215       | -0.05983  | 97.06     | 0.1724    | 52.87     | 0.06007   | 21.41     | 13.6      | 11.77     | 99.46     | 1.173e+03 | 3.967     | 0.01412   | 6.677e-05 |
82.52513739975419
kupiec 检验：不拒绝原假设, 违约次数: 11
| 216       | -0.01358  | 239.9     | 0.178     | 46.85     | 0.05272   | 22.92     | 6.769     | 18.65     | 54.51     | 1.856e+03 | 2.182     | 0.5882    | 1.02e-05  |
23.63635781642538
kupiec 检验：不拒绝原假设, 违约次数: 1
| 217       | -0.04422  | 42.46     | 0.3731    | 114.4     | 0.04404   | 20.84     | 2.662     | 18.08     | 95.46     | 1.358e+03 | 1.122     | 0.377     | 1.501e-05 |
41.302991691424026
kupiec 检验：不拒绝原假设, 违约次数: 4
| 218       | -0.02688  | 247.8     | 0.114     | 36.38     | 0.07921   | 22.12     | 8.443     | 7.42      | 77.07     | 1.866e+03 | 1.564     | 0.0645    | 3.095e-05 |
94.30289331641995
kupiec 检验：不拒绝原假设, 违约次数: 13
| 219       | -0.02514  | 106.9     | 0.4653    | 44.85     | 0.02328   | 24.53     | 1.793     | 16.18     | 95.31     | 742.8     | 1.093     | 0.5331    | 3.261e-06 |
47.1918696497569
kupiec 检验：不拒绝原假设, 违约次数: 5
| 220       | -0.0211   | 145.2     | 0.2897    | 27.29     | 0.06487   | 15.76     | 4.609     | 15.6      | 101.0     | 1.788e+03 | 1.403     | 0.7706    | 3.8e-05   |
82.52513739975419
kupiec 检验：不拒绝原假设, 违约次数: 11
| 221       | -0.01358  | 230.0     | 0.1609    | 13.17     | 0.06802   | 5.06      | 11.89     | 13.35     | 164.9     | 1.312e+03 | 2.044     | 0.5802    | 8.151e-05 |
82.52513739975419
kupiec 检验：不拒绝原假设, 违约次数: 11
| 222       | -0.01358  | 143.2     | 0.08928   | 58.17     | 0.07491   | 22.34     | 12.1      | 12.31     | 80.95     | 1.626e+03 | 2.598     | 0.4001    | 6.812e-05 |
23.63635781642538
kupiec 检验：不拒绝原假设, 违约次数: 1
| 223       | -0.04422  | 242.8     | 0.4026    | 43.25     | 0.07011   | 27.64     | 5.892     | 11.8      | 87.67     | 1.822e+03 | 3.089     | 0.0948    | 4.29e-06  |
35.41411373309114
kupiec 检验：不拒绝原假设, 违约次数: 3
| 224       | -0.03266  | 57.24     | 0.00694   | 48.71     | 0.0635    | 20.08     | 4.506     | 15.74     | 136.8     | 991.7     | 1.489     | 0.6094    | 8.494e-05 |
58.969625566422664
kupiec 检验：不拒绝原假设, 违约次数: 7
| 225       | -0.009538 | 250.3     | 0.09108   | 70.42     | 0.04507   | 6.346     | 12.69     | 3.773     | 67.18     | 594.0     | 3.364     | 0.1935    | 8.817e-05 |
82.52513739975419
kupiec 检验：不拒绝原假设, 违约次数: 11
| 226       | -0.01358  | 165.0     | 0.03709   | 51.04     | 0.05497   | 18.78     | 13.17     | 10.3      | 63.82     | 1.284e+03 | 2.311     | 0.9555    | 6.64e-05  |
64.85850352475555
kupiec 检验：不拒绝原假设, 违约次数: 8
| 227       | -0.003757 | 111.5     | 0.03647   | 12.24     | 0.03404   | 19.44     | 8.319     | 17.4      | 104.3     | 749.5     | 3.416     | 0.4223    | 4.038e-05 |
58.969625566422664
kupiec 检验：不拒绝原假设, 违约次数: 7
| 228       | -0.009538 | 38.36     | 0.2095    | 10.9      | 0.06352   | 21.33     | 11.16     | 14.12     | 94.62     | 1.555e+03 | 3.233     | 0.8533    | 9.476e-05 |
23.63635781642538
kupiec 检验：不拒绝原假设, 违约次数: 1
| 229       | -0.04422  | 76.18     | 0.3783    | 59.43     | 0.09859   | 19.99     | 6.931     | 7.422     | 108.5     | 1.54e+03  | 2.267     | 0.4179    | 4.135e-05 |
17.7474798580925
kupiec 检验：不拒绝原假设, 违约次数: 0
| 230       | -0.05     | 214.4     | 0.2749    | 84.15     | 0.08995   | 16.35     | 13.51     | 17.09     | 119.0     | 562.5     | 1.812     | 0.4973    | 3.344e-05 |
17.7474798580925
kupiec 检验：不拒绝原假设, 违约次数: 0
| 231       | -0.05     | 74.3      | 0.4127    | 69.18     | 0.05244   | 25.62     | 14.72     | 2.884     | 179.1     | 901.3     | 1.998     | 0.2481    | 8.824e-05 |
53.08074760808979
kupiec 检验：不拒绝原假设, 违约次数: 6
| 232       | -0.01532  | 55.36     | 0.09918   | 34.6      | 0.06178   | 13.49     | 8.522     | 7.658     | 147.2     | 1.934e+03 | 2.868     | 0.2023    | 3.338e-06 |
88.41401535808707
kupiec 检验：不拒绝原假设, 违约次数: 12
| 233       | -0.01936  | 186.1     | 0.01852   | 88.25     | 0.01828   | 8.871     | 13.76     | 13.42     | 57.52     | 1.971e+03 | 3.39      | 0.4622    | 2.344e-05 |
41.302991691424026
kupiec 检验：不拒绝原假设, 违约次数: 4
| 234       | -0.02688  | 4.799     | 0.161     | 5.424     | 0.04024   | 24.71     | 11.1      | 4.282     | 88.54     | 1.771e+03 | 3.508     | 0.1305    | 4.511e-05 |
64.85850352475555
kupiec 检验：不拒绝原假设, 违约次数: 8
| 235       | -0.003757 | 77.1      | 0.1695    | 23.76     | 0.05592   | 11.75     | 3.539     | 11.63     | 54.76     | 1.474e+03 | 3.137     | 0.5658    | 3.946e-06 |
106.08064923308571
kupiec 检验：不拒绝原假设, 违约次数: 15
| 236       | -0.03671  | 58.52     | 0.2205    | 90.51     | 0.01864   | 25.69     | 11.72     | 12.82     | 73.88     | 671.0     | 1.204     | 0.1798    | 3.806e-05 |
58.969625566422664
kupiec 检验：不拒绝原假设, 违约次数: 7
| 237       | -0.009538 | 126.3     | 0.3837    | 20.26     | 0.06554   | 18.6      | 4.159     | 6.414     | 115.6     | 734.6     | 1.749     | 0.04478   | 1.923e-05 |
23.63635781642538
kupiec 检验：不拒绝原假设, 违约次数: 1
| 238       | -0.04422  | 70.96     | 0.1421    | 99.85     | 0.06222   | 17.71     | 9.784     | 14.36     | 127.9     | 1.358e+03 | 3.152     | 0.9985    | 6.649e-05 |
64.85850352475555
kupiec 检验：不拒绝原假设, 违约次数: 8
| 239       | -0.003757 | 78.99     | 0.3245    | 5.432     | 0.05583   | 13.55     | 5.902     | 11.58     | 100.8     | 759.2     | 1.545     | 0.9196    | 5.554e-06 |
76.6362594414213
kupiec 检验：不拒绝原假设, 违约次数: 10
| 240       | -0.007803 | 87.6      | 0.2066    | 63.9      | 0.03506   | 24.43     | 6.986     | 11.68     | 130.9     | 1.983e+03 | 1.352     | 0.09896   | 4.229e-05 |
47.1918696497569
kupiec 检验：不拒绝原假设, 违约次数: 5
| 241       | -0.0211   | 254.1     | 0.2589    | 58.63     | 0.0326    | 29.75     | 3.759     | 13.9      | 79.01     | 1.853e+03 | 2.586     | 0.3215    | 1.883e-05 |
58.969625566422664
kupiec 检验：不拒绝原假设, 违约次数: 7
| 242       | -0.009538 | 53.48     | 0.3647    | 11.13     | 0.07895   | 7.741     | 1.658     | 11.01     | 111.7     | 769.7     | 1.773     | 0.6148    | 4.459e-05 |
35.41411373309114
kupiec 检验：不拒绝原假设, 违约次数: 3
| 243       | -0.03266  | 99.77     | 0.4206    | 20.95     | 0.03044   | 11.25     | 11.35     | 13.9      | 132.5     | 753.5     | 1.907     | 0.7427    | 5.207e-05 |
88.41401535808707
kupiec 检验：不拒绝原假设, 违约次数: 12
| 244       | -0.01936  | 200.0     | 0.3971    | 89.59     | 0.07397   | 8.147     | 9.168     | 2.309     | 80.11     | 1.386e+03 | 3.104     | 0.6681    | 6.768e-05 |
106.08064923308571
kupiec 检验：不拒绝原假设, 违约次数: 15
| 245       | -0.03671  | 90.41     | 0.3067    | 21.62     | 0.08516   | 11.93     | 6.893     | 17.23     | 93.84     | 780.7     | 1.776     | 0.2808    | 5.437e-05 |
100.19177127475282
kupiec 检验：不拒绝原假设, 违约次数: 14
| 246       | -0.03092  | 253.7     | 0.05522   | 66.03     | 0.01917   | 7.987     | 4.864     | 10.9      | 63.67     | 1.874e+03 | 2.033     | 0.958     | 5.48e-05  |
58.969625566422664
kupiec 检验：不拒绝原假设, 违约次数: 7
| 247       | -0.009538 | 178.3     | 0.1391    | 114.5     | 0.01983   | 24.69     | 4.905     | 3.248     | 120.8     | 1.01e+03  | 2.855     | 0.759     | 7.772e-05 |
53.08074760808979
kupiec 检验：不拒绝原假设, 违约次数: 6
| 248       | -0.01532  | 38.79     | 0.4049    | 57.54     | 0.02141   | 13.66     | 7.219     | 10.29     | 107.0     | 602.2     | 1.092     | 0.9033    | 4.82e-05  |
47.1918696497569
kupiec 检验：不拒绝原假设, 违约次数: 5
| 249       | -0.0211   | 196.6     | 0.3906    | 112.5     | 0.03665   | 21.76     | 8.621     | 19.43     | 137.0     | 991.1     | 1.977     | 0.8419    | 9.521e-05 |
82.52513739975419
kupiec 检验：不拒绝原假设, 违约次数: 11
| 250       | -0.01358  | 53.98     | 0.3582    | 13.6      | 0.008653  | 20.96     | 3.998     | 15.96     | 86.85     | 1.613e+03 | 2.323     | 0.6615    | 5.385e-05 |
88.41401535808707
kupiec 检验：不拒绝原假设, 违约次数: 12
| 251       | -0.01936  | 34.28     | 0.2092    | 8.279     | 0.02885   | 24.74     | 10.06     | 13.23     | 98.35     | 1.559e+03 | 1.805     | 0.6498    | 4.059e-05 |
53.08074760808979
kupiec 检验：不拒绝原假设, 违约次数: 6
| 252       | -0.01532  | 225.2     | 0.4936    | 56.1      | 0.0001774 | 29.13     | 10.6      | 14.18     | 50.19     | 1.891e+03 | 3.318     | 0.9737    | 1.777e-05 |
88.41401535808707
kupiec 检验：不拒绝原假设, 违约次数: 12
| 253       | -0.01936  | 230.6     | 0.107     | 69.53     | 0.03069   | 23.5      | 13.0      | 5.422     | 70.68     | 1.914e+03 | 2.46      | 0.08375   | 7.431e-05 |
35.41411373309114
kupiec 检验：不拒绝原假设, 违约次数: 3
| 254       | -0.03266  | 239.3     | 0.2263    | 67.87     | 0.09372   | 14.49     | 4.323     | 5.778     | 60.34     | 1.846e+03 | 2.406     | 0.09948   | 1.589e-05 |
53.08074760808979
kupiec 检验：不拒绝原假设, 违约次数: 6
| 255       | -0.01532  | 235.5     | 0.384     | 7.219     | 0.07417   | 9.816     | 6.71      | 9.682     | 196.1     | 1.067e+03 | 3.142     | 0.7064    | 6.709e-05 |
88.41401535808707
kupiec 检验：不拒绝原假设, 违约次数: 12
| 256       | -0.01936  | 235.8     | 0.41      | 83.1      | 0.09716   | 20.26     | 10.28     | 10.26     | 167.1     | 1.887e+03 | 2.92      | 0.3963    | 6.154e-05 |
17.7474798580925
kupiec 检验：不拒绝原假设, 违约次数: 0
| 257       | -0.05     | 220.4     | 0.1356    | 89.01     | 0.04901   | 9.765     | 1.881     | 14.11     | 100.2     | 1.433e+03 | 2.955     | 0.1667    | 9.765e-05 |
23.63635781642538
kupiec 检验：不拒绝原假设, 违约次数: 1
| 258       | -0.04422  | 12.68     | 0.3968    | 54.59     | 0.06196   | 23.35     | 4.344     | 14.84     | 141.4     | 1.154e+03 | 3.808     | 0.5177    | 1.973e-05 |
53.08074760808979
kupiec 检验：不拒绝原假设, 违约次数: 6
| 259       | -0.01532  | 39.14     | 0.2551    | 4.336     | 0.09721   | 29.56     | 6.221     | 14.17     | 75.47     | 766.1     | 1.53      | 0.5943    | 4.364e-05 |
17.7474798580925
kupiec 检验：不拒绝原假设, 违约次数: 0
| 260       | -0.05     | 35.93     | 0.4864    | 58.86     | 0.07493   | 19.69     | 9.175     | 13.7      | 139.9     | 1.123e+03 | 3.407     | 0.8108    | 4.752e-05 |
82.52513739975419
kupiec 检验：不拒绝原假设, 违约次数: 11
| 261       | -0.01358  | 251.3     | 0.05516   | 59.82     | 0.09656   | 24.1      | 8.354     | 6.316     | 84.78     | 1.851e+03 | 3.747     | 0.9171    | 2.039e-05 |
106.08064923308571
kupiec 检验：不拒绝原假设, 违约次数: 15
| 262       | -0.03671  | 153.2     | 0.1262    | 43.45     | 0.08146   | 19.45     | 8.264     | 6.798     | 158.6     | 1.503e+03 | 3.442     | 0.4324    | 6.949e-05 |
41.302991691424026
kupiec 检验：不拒绝原假设, 违约次数: 4
| 263       | -0.02688  | 175.5     | 0.1033    | 62.38     | 0.02409   | 13.97     | 13.22     | 2.905     | 193.3     | 1.116e+03 | 2.974     | 0.6219    | 3.986e-05 |
58.969625566422664
kupiec 检验：不拒绝原假设, 违约次数: 7
| 264       | -0.009538 | 64.85     | 0.2436    | 58.33     | 0.03463   | 25.12     | 10.3      | 18.49     | 61.46     | 1.266e+03 | 2.392     | 0.7333    | 4.909e-06 |
41.302991691424026
kupiec 检验：不拒绝原假设, 违约次数: 4
| 265       | -0.02688  | 144.2     | 0.4213    | 57.0      | 0.005866  | 12.81     | 8.784     | 9.154     | 182.9     | 544.0     | 1.768     | 0.1304    | 4.608e-06 |
82.52513739975419
kupiec 检验：不拒绝原假设, 违约次数: 11
| 266       | -0.01358  | 70.01     | 0.3439    | 5.045     | 0.07385   | 12.91     | 10.78     | 9.445     | 68.45     | 757.5     | 2.967     | 0.2612    | 7.878e-05 |
82.52513739975419
kupiec 检验：不拒绝原假设, 违约次数: 11
| 267       | -0.01358  | 81.45     | 0.1233    | 8.722     | 0.005075  | 26.92     | 2.762     | 4.221     | 93.39     | 728.8     | 3.927     | 0.788     | 3.969e-05 |
106.08064923308571
kupiec 检验：不拒绝原假设, 违约次数: 15
| 268       | -0.03671  | 206.6     | 0.1375    | 86.26     | 0.01414   | 10.02     | 5.945     | 13.13     | 85.11     | 1.383e+03 | 2.431     | 0.1871    | 4.939e-05 |
23.63635781642538
kupiec 检验：不拒绝原假设, 违约次数: 1
| 269       | -0.04422  | 21.72     | 0.162     | 73.83     | 0.08071   | 26.73     | 2.296     | 9.637     | 178.4     | 967.0     | 3.472     | 0.4001    | 2.704e-05 |
117.85840514975148
kupiec 检验：不拒绝原假设, 违约次数: 17
| 270       | -0.04827  | 127.7     | 0.005446  | 104.4     | 0.09162   | 16.26     | 7.252     | 4.13      | 196.3     | 1.852e+03 | 3.077     | 0.6402    | 2.847e-05 |
17.7474798580925
kupiec 检验：不拒绝原假设, 违约次数: 0
| 271       | -0.05     | 14.8      | 0.2157    | 97.35     | 0.09547   | 25.03     | 4.694     | 9.076     | 191.0     | 958.7     | 3.512     | 0.4013    | 5.505e-05 |
76.6362594414213
kupiec 检验：不拒绝原假设, 违约次数: 10
| 272       | -0.007803 | 63.15     | 0.4005    | 12.63     | 0.0006581 | 14.98     | 7.118     | 10.23     | 109.0     | 749.1     | 1.294     | 0.4409    | 7.122e-06 |
47.1918696497569
kupiec 检验：不拒绝原假设, 违约次数: 5
| 273       | -0.0211   | 252.5     | 0.2461    | 63.43     | 0.02419   | 6.306     | 13.24     | 19.54     | 83.06     | 1.822e+03 | 3.129     | 0.3826    | 5.991e-06 |
76.6362594414213
kupiec 检验：不拒绝原假设, 违约次数: 10
| 274       | -0.007803 | 83.34     | 0.0521    | 51.61     | 0.08864   | 17.92     | 9.178     | 8.152     | 128.9     | 1.98e+03  | 3.148     | 0.7224    | 5.631e-05 |
70.74738148308843
kupiec 检验：不拒绝原假设, 违约次数: 9
| 275       | -0.002023 | 142.8     | 0.1964    | 87.62     | 0.01672   | 12.7      | 4.299     | 8.389     | 178.7     | 1.87e+03  | 2.524     | 0.9873    | 5.591e-05 |
53.08074760808979
kupiec 检验：不拒绝原假设, 违约次数: 6
| 276       | -0.01532  | 59.31     | 0.4995    | 23.22     | 0.0194    | 23.86     | 3.575     | 7.208     | 93.54     | 762.4     | 2.54      | 0.7359    | 4.446e-05 |
106.08064923308571
kupiec 检验：不拒绝原假设, 违约次数: 15
| 277       | -0.03671  | 105.8     | 0.478     | 4.147     | 0.06483   | 13.83     | 8.192     | 6.231     | 97.9      | 1.09e+03  | 1.002     | 0.5116    | 9.023e-05 |
76.6362594414213
kupiec 检验：不拒绝原假设, 违约次数: 10
| 278       | -0.007803 | 224.1     | 0.3269    | 50.79     | 0.06084   | 21.45     | 9.119     | 13.89     | 50.92     | 1.894e+03 | 2.22      | 0.05368   | 3.225e-05 |
47.1918696497569
kupiec 检验：不拒绝原假设, 违约次数: 5
| 279       | -0.0211   | 195.0     | 0.2514    | 108.9     | 0.01198   | 24.98     | 5.501     | 5.428     | 100.6     | 993.8     | 1.448     | 0.6295    | 8.296e-06 |
17.7474798580925
kupiec 检验：不拒绝原假设, 违约次数: 0
| 280       | -0.05     | 107.5     | 0.04797   | 107.8     | 0.08919   | 23.67     | 4.298     | 6.031     | 168.6     | 1.863e+03 | 2.309     | 0.7495    | 4.871e-05 |
82.52513739975419
kupiec 检验：不拒绝原假设, 违约次数: 11
| 281       | -0.01358  | 120.9     | 0.104     | 16.97     | 0.03517   | 7.422     | 6.95      | 4.821     | 91.61     | 746.6     | 2.734     | 0.9463    | 8.209e-05 |
58.969625566422664
kupiec 检验：不拒绝原假设, 违约次数: 7
| 282       | -0.009538 | 252.3     | 0.4064    | 6.701     | 0.09016   | 11.34     | 2.615     | 19.22     | 137.1     | 1.594e+03 | 1.904     | 0.637     | 4.049e-05 |
17.7474798580925
kupiec 检验：不拒绝原假设, 违约次数: 0
| 283       | -0.05     | 83.6      | 0.155     | 68.1      | 0.04453   | 21.76     | 5.577     | 12.65     | 122.9     | 1.979e+03 | 1.287     | 0.9758    | 2.505e-05 |
64.85850352475555
kupiec 检验：不拒绝原假设, 违约次数: 8
| 284       | -0.003757 | 128.2     | 0.2777    | 103.4     | 0.04548   | 7.656     | 4.086     | 8.716     | 186.8     | 1.873e+03 | 2.066     | 0.7299    | 8.657e-05 |
100.19177127475282
kupiec 检验：不拒绝原假设, 违约次数: 14
| 285       | -0.03092  | 57.32     | 0.07084   | 5.803     | 0.0256    | 7.111     | 2.404     | 12.64     | 112.8     | 767.3     | 1.49      | 0.2019    | 7.871e-05 |
47.1918696497569
kupiec 检验：不拒绝原假设, 违约次数: 5
| 286       | -0.0211   | 74.76     | 0.09346   | 16.88     | 0.09496   | 8.924     | 8.574     | 2.918     | 92.76     | 738.3     | 1.547     | 0.03237   | 3.261e-05 |
23.63635781642538
kupiec 检验：不拒绝原假设, 违约次数: 1
| 287       | -0.04422  | 10.51     | 0.2889    | 19.33     | 0.08106   | 6.036     | 11.02     | 14.28     | 113.2     | 1.26e+03  | 3.224     | 0.5862    | 7.29e-05  |
117.85840514975148
kupiec 检验：不拒绝原假设, 违约次数: 17
| 288       | -0.04827  | 88.41     | 0.09118   | 52.3      | 0.009951  | 21.16     | 7.083     | 17.03     | 154.6     | 1.987e+03 | 1.201     | 0.1728    | 2.031e-05 |
58.969625566422664
kupiec 检验：不拒绝原假设, 违约次数: 7
| 289       | -0.009538 | 81.11     | 0.01075   | 13.26     | 0.07699   | 21.28     | 5.552     | 18.54     | 102.9     | 741.4     | 3.201     | 0.8568    | 4.607e-05 |
35.41411373309114
kupiec 检验：不拒绝原假设, 违约次数: 3
| 290       | -0.03266  | 55.01     | 0.13      | 30.19     | 0.08131   | 14.63     | 11.6      | 4.829     | 117.3     | 761.3     | 2.002     | 0.41      | 1.448e-05 |
76.6362594414213
kupiec 检验：不拒绝原假设, 违约次数: 10
| 291       | -0.007803 | 125.7     | 0.08697   | 13.52     | 0.08068   | 25.38     | 13.2      | 10.46     | 110.2     | 752.7     | 2.186     | 0.7683    | 4.518e-06 |
100.19177127475282
kupiec 检验：不拒绝原假设, 违约次数: 14
| 292       | -0.03092  | 193.0     | 0.1812    | 26.95     | 0.03463   | 9.897     | 7.328     | 3.253     | 131.8     | 604.0     | 1.329     | 0.6186    | 7.251e-05 |
47.1918696497569
kupiec 检验：不拒绝原假设, 违约次数: 5
| 293       | -0.0211   | 47.77     | 0.06229   | 9.986     | 0.007426  | 6.592     | 4.238     | 7.028     | 64.84     | 775.8     | 3.893     | 0.4903    | 4.06e-05  |
64.85850352475555
kupiec 检验：不拒绝原假设, 违约次数: 8
| 294       | -0.003757 | 63.96     | 0.3969    | 34.49     | 0.03607   | 13.72     | 9.551     | 18.34     | 92.33     | 925.0     | 1.675     | 0.9705    | 7.298e-05 |
17.7474798580925
kupiec 检验：不拒绝原假设, 违约次数: 0
| 295       | -0.05     | 137.4     | 0.3345    | 101.3     | 0.09785   | 14.52     | 4.829     | 2.849     | 171.9     | 1.851e+03 | 2.685     | 0.223     | 2.411e-05 |
53.08074760808979
kupiec 检验：不拒绝原假设, 违约次数: 6
| 296       | -0.01532  | 79.45     | 0.4195    | 35.16     | 0.07552   | 10.51     | 11.24     | 11.6      | 69.12     | 687.7     | 2.335     | 0.6687    | 8.605e-06 |
100.19177127475282
kupiec 检验：不拒绝原假设, 违约次数: 14
| 297       | -0.03092  | 238.4     | 0.3561    | 53.46     | 0.005237  | 7.022     | 8.159     | 11.82     | 87.24     | 1.858e+03 | 3.95      | 0.2299    | 6.993e-05 |
100.19177127475282
kupiec 检验：不拒绝原假设, 违约次数: 14
| 298       | -0.03092  | 93.17     | 0.4459    | 65.54     | 0.0597    | 17.12     | 14.89     | 4.352     | 88.45     | 1.805e+03 | 2.128     | 0.01649   | 9.164e-05 |
82.52513739975419
kupiec 检验：不拒绝原假设, 违约次数: 11
| 299       | -0.01358  | 56.28     | 0.2257    | 66.36     | 0.07135   | 24.91     | 7.705     | 2.373     | 152.8     | 1.191e+03 | 2.207     | 0.1772    | 6.211e-05 |
41.302991691424026
kupiec 检验：不拒绝原假设, 违约次数: 4
| 300       | -0.02688  | 64.8      | 0.5       | 6.53      | 0.04813   | 7.735     | 5.784     | 2.005     | 88.06     | 776.9     | 2.605     | 0.105     | 1.487e-05 |
64.85850352475555
kupiec 检验：不拒绝原假设, 违约次数: 8
| 301       | -0.003757 | 44.28     | 0.3159    | 25.85     | 0.03001   | 12.79     | 4.061     | 14.39     | 106.2     | 600.9     | 1.307     | 0.006991  | 8.384e-06 |
70.74738148308843
kupiec 检验：不拒绝原假设, 违约次数: 9
| 302       | -0.002023 | 77.29     | 0.3941    | 5.519     | 0.02498   | 28.59     | 11.65     | 3.684     | 96.27     | 751.6     | 3.608     | 0.9283    | 3.033e-05 |
64.85850352475555
kupiec 检验：不拒绝原假设, 违约次数: 8
| 303       | -0.003757 | 180.1     | 0.3035    | 21.14     | 0.08638   | 5.993     | 2.926     | 11.02     | 131.0     | 1.475e+03 | 1.075     | 0.09066   | 5.858e-05 |
23.63635781642538
kupiec 检验：不拒绝原假设, 违约次数: 1
| 304       | -0.04422  | 30.81     | 0.2325    | 18.9      | 0.06832   | 8.908     | 2.678     | 12.27     | 91.79     | 780.2     | 2.625     | 0.3224    | 4.68e-05  |
35.41411373309114
kupiec 检验：不拒绝原假设, 违约次数: 3
| 305       | -0.03266  | 57.16     | 0.2757    | 40.98     | 0.01852   | 20.15     | 10.57     | 14.25     | 103.3     | 598.5     | 1.956     | 0.5173    | 4.774e-05 |
17.7474798580925
kupiec 检验：不拒绝原假设, 违约次数: 0
| 306       | -0.05     | 108.7     | 0.446     | 86.83     | 0.08547   | 14.03     | 6.54      | 19.5      | 57.54     | 1.583e+03 | 3.71      | 0.1199    | 2.443e-05 |
70.74738148308843
kupiec 检验：不拒绝原假设, 违约次数: 9
| 307       | -0.002023 | 141.0     | 0.4612    | 102.7     | 0.03585   | 15.39     | 1.108     | 12.18     | 142.2     | 1.468e+03 | 3.535     | 0.2467    | 4.305e-05 |
82.52513739975419
kupiec 检验：不拒绝原假设, 违约次数: 11
| 308       | -0.01358  | 118.9     | 0.3085    | 27.51     | 0.02453   | 18.49     | 5.211     | 17.93     | 103.4     | 767.9     | 3.71      | 0.02765   | 1.169e-05 |
64.85850352475555
kupiec 检验：不拒绝原假设, 违约次数: 8
| 309       | -0.003757 | 125.1     | 0.1828    | 22.95     | 0.06545   | 27.23     | 6.919     | 5.65      | 95.25     | 735.9     | 1.168     | 0.01469   | 5.944e-05 |
53.08074760808979
kupiec 检验：不拒绝原假设, 违约次数: 6
| 310       | -0.01532  | 162.0     | 0.255     | 69.75     | 0.009223  | 21.66     | 11.43     | 11.86     | 86.32     | 1.444e+03 | 3.511     | 0.6239    | 6.997e-05 |
82.52513739975419
kupiec 检验：不拒绝原假设, 违约次数: 11
| 311       | -0.01358  | 63.74     | 0.4635    | 4.905     | 0.09541   | 24.85     | 9.985     | 16.95     | 93.51     | 762.5     | 3.071     | 0.4078    | 9.501e-05 |
47.1918696497569
kupiec 检验：不拒绝原假设, 违约次数: 5
| 312       | -0.0211   | 208.5     | 0.4723    | 54.51     | 0.0176    | 14.41     | 5.131     | 17.48     | 171.1     | 1.268e+03 | 1.18      | 0.4969    | 5.005e-05 |
53.08074760808979
kupiec 检验：不拒绝原假设, 违约次数: 6
| 313       | -0.01532  | 89.98     | 0.2836    | 11.44     | 0.02284   | 19.43     | 3.856     | 6.987     | 96.17     | 756.4     | 3.823     | 0.5284    | 7.588e-05 |
70.74738148308843
kupiec 检验：不拒绝原假设, 违约次数: 9
| 314       | -0.002023 | 219.4     | 0.1292    | 62.77     | 0.02295   | 17.06     | 9.669     | 10.06     | 65.08     | 1.877e+03 | 1.694     | 0.8067    | 2.956e-05 |
35.41411373309114
kupiec 检验：不拒绝原假设, 违约次数: 3
| 315       | -0.03266  | 215.2     | 0.1883    | 70.62     | 0.07436   | 29.77     | 2.49      | 2.228     | 75.25     | 1.891e+03 | 3.69      | 0.6735    | 3.546e-05 |
17.7474798580925
kupiec 检验：不拒绝原假设, 违约次数: 0
| 316       | -0.05     | 176.8     | 0.1872    | 112.9     | 0.06844   | 27.43     | 1.795     | 5.489     | 126.9     | 1.016e+03 | 2.114     | 0.3154    | 1.809e-05 |
35.41411373309114
kupiec 检验：不拒绝原假设, 违约次数: 3
| 317       | -0.03266  | 86.72     | 0.464     | 95.16     | 0.02086   | 28.87     | 8.26      | 12.13     | 101.8     | 1.352e+03 | 1.284     | 0.4673    | 6.672e-05 |
111.96952719141859
kupiec 检验：不拒绝原假设, 违约次数: 16
| 318       | -0.04249  | 117.9     | 0.1685    | 84.98     | 0.01583   | 10.02     | 13.35     | 3.856     | 181.2     | 1.877e+03 | 2.624     | 0.1965    | 6.733e-06 |
17.7474798580925
kupiec 检验：不拒绝原假设, 违约次数: 0
| 319       | -0.05     | 126.9     | 0.08446   | 42.36     | 0.05934   | 26.49     | 7.068     | 14.45     | 99.33     | 746.7     | 3.744     | 0.4096    | 9.338e-05 |
64.85850352475555
kupiec 检验：不拒绝原假设, 违约次数: 8
| 320       | -0.003757 | 228.1     | 0.3873    | 62.65     | 0.0007471 | 21.84     | 2.51      | 13.86     | 51.39     | 1.87e+03  | 3.339     | 0.577     | 6.654e-05 |
53.08074760808979
kupiec 检验：不拒绝原假设, 违约次数: 6
| 321       | -0.01532  | 236.3     | 0.06653   | 66.78     | 0.003492  | 29.84     | 10.97     | 19.4      | 70.46     | 1.862e+03 | 1.048     | 0.5557    | 2.341e-05 |
17.7474798580925
kupiec 检验：不拒绝原假设, 违约次数: 0
| 322       | -0.05     | 30.27     | 0.08905   | 55.36     | 0.09939   | 6.877     | 7.271     | 19.7      | 177.8     | 1.277e+03 | 3.735     | 0.9818    | 4.046e-05 |
70.74738148308843
kupiec 检验：不拒绝原假设, 违约次数: 9
| 323       | -0.002023 | 124.6     | 0.4204    | 48.27     | 0.002021  | 23.41     | 4.421     | 9.29      | 77.91     | 1.3e+03   | 3.192     | 0.2876    | 7.949e-05 |
47.1918696497569
kupiec 检验：不拒绝原假设, 违约次数: 5
| 324       | -0.0211   | 170.2     | 0.2232    | 105.4     | 0.003803  | 27.59     | 4.889     | 17.56     | 105.1     | 1.005e+03 | 3.824     | 0.4218    | 2.078e-05 |
82.52513739975419
kupiec 检验：不拒绝原假设, 违约次数: 11
| 325       | -0.01358  | 220.7     | 0.3978    | 123.0     | 0.02128   | 8.509     | 6.68      | 6.373     | 143.0     | 613.0     | 1.275     | 0.1322    | 8.93e-05  |
29.52523577475826
kupiec 检验：不拒绝原假设, 违约次数: 2
| 326       | -0.03844  | 73.48     | 0.364     | 58.35     | 0.0578    | 21.15     | 10.11     | 4.413     | 99.55     | 1.588e+03 | 2.717     | 0.5552    | 6.528e-05 |
82.52513739975419
kupiec 检验：不拒绝原假设, 违约次数: 11
| 327       | -0.01358  | 223.6     | 0.07095   | 74.45     | 0.05216   | 10.85     | 5.345     | 13.3      | 56.06     | 1.877e+03 | 2.336     | 0.3289    | 1.038e-05 |
82.52513739975419
kupiec 检验：不拒绝原假设, 违约次数: 11
| 328       | -0.01358  | 130.1     | 0.2581    | 10.6      | 0.08764   | 15.25     | 11.8      | 4.41      | 134.8     | 1.21e+03  | 3.405     | 0.3926    | 3.41e-05  |
17.7474798580925
kupiec 检验：不拒绝原假设, 违约次数: 0
| 329       | -0.05     | 26.08     | 0.2214    | 89.65     | 0.06776   | 5.231     | 8.283     | 11.18     | 144.4     | 1.717e+03 | 1.249     | 0.2008    | 6.714e-05 |
64.85850352475555
kupiec 检验：不拒绝原假设, 违约次数: 8
| 330       | -0.003757 | 242.6     | 0.4423    | 108.0     | 0.04647   | 8.837     | 10.24     | 9.045     | 146.6     | 1.561e+03 | 3.508     | 0.9691    | 4.523e-05 |
=========================================================================================================================================================================
{'target': np.float64(-0.002023121387283236), 'params': {'batch_size': np.float64(199.1580500277997), 'dropout': np.float64(0.3597318705319941), 'hidden_size': np.float64(115.68147137919594), 'lr': np.float64(0.037025251740444035), 'max_depth': np.float64(9.937421720001762), 'min_samples_leaf': np.float64(10.463639968350677), 'min_samples_split': np.float64(10.729954850407859), 'n_estimators': np.float64(188.06653197061667), 'n_iter': np.float64(1932.331387456121), 'num_layers': np.float64(2.7090077897131644), 'tau': np.float64(0.4906888075678275), 'tol': np.float64(7.723258103934988e-06)}}
0 times prediction finished! 
1 times prediction finished! 
2 times prediction finished! 
3 times prediction finished! 
4 times prediction finished! 
5 times prediction finished! 
6 times prediction finished! 
7 times prediction finished! 
8 times prediction finished! 
9 times prediction finished! 
10 times prediction finished! 
11 times prediction finished! 
12 times prediction finished! 
13 times prediction finished! 
14 times prediction finished! 
15 times prediction finished! 
16 times prediction finished! 
17 times prediction finished! 
18 times prediction finished! 
19 times prediction finished! 
20 times prediction finished! 
21 times prediction finished! 
22 times prediction finished! 
23 times prediction finished! 
24 times prediction finished! 
25 times prediction finished! 
26 times prediction finished! 
27 times prediction finished! 
28 times prediction finished! 
29 times prediction finished! 
30 times prediction finished! 
31 times prediction finished! 
32 times prediction finished! 
33 times prediction finished! 
34 times prediction finished! 
35 times prediction finished! 
36 times prediction finished! 
37 times prediction finished! 
38 times prediction finished! 
39 times prediction finished! 
40 times prediction finished! 
41 times prediction finished! 
42 times prediction finished! 
43 times prediction finished! 
44 times prediction finished! 
45 times prediction finished! 
46 times prediction finished! 
47 times prediction finished! 
48 times prediction finished! 
49 times prediction finished! 
50 times prediction finished! 
51 times prediction finished! 
52 times prediction finished! 
53 times prediction finished! 
54 times prediction finished! 
55 times prediction finished! 
56 times prediction finished! 
57 times prediction finished! 
58 times prediction finished! 
59 times prediction finished! 
60 times prediction finished! 
61 times prediction finished! 
62 times prediction finished! 
63 times prediction finished! 
64 times prediction finished! 
65 times prediction finished! 
66 times prediction finished! 
67 times prediction finished! 
68 times prediction finished! 
69 times prediction finished! 
70 times prediction finished! 
71 times prediction finished! 
72 times prediction finished! 
73 times prediction finished! 
74 times prediction finished! 
75 times prediction finished! 
76 times prediction finished! 
77 times prediction finished! 
78 times prediction finished! 
79 times prediction finished! 
80 times prediction finished! 
81 times prediction finished! 
82 times prediction finished! 
83 times prediction finished! 
84 times prediction finished! 
85 times prediction finished! 
86 times prediction finished! 
87 times prediction finished! 
88 times prediction finished! 
89 times prediction finished! 
90 times prediction finished! 
91 times prediction finished! 
92 times prediction finished! 
93 times prediction finished! 
94 times prediction finished! 
95 times prediction finished! 
96 times prediction finished! 
97 times prediction finished! 
98 times prediction finished! 
99 times prediction finished! 
100 times prediction finished! 
101 times prediction finished! 
102 times prediction finished! 
103 times prediction finished! 
104 times prediction finished! 
105 times prediction finished! 
106 times prediction finished! 
107 times prediction finished! 
108 times prediction finished! 
109 times prediction finished! 
110 times prediction finished! 
111 times prediction finished! 
112 times prediction finished! 
113 times prediction finished! 
114 times prediction finished! 
115 times prediction finished! 
116 times prediction finished! 
117 times prediction finished! 
118 times prediction finished! 
119 times prediction finished! 
120 times prediction finished! 
121 times prediction finished! 
122 times prediction finished! 
123 times prediction finished! 
124 times prediction finished! 
125 times prediction finished! 
126 times prediction finished! 
127 times prediction finished! 
128 times prediction finished! 
129 times prediction finished! 
130 times prediction finished! 
131 times prediction finished! 
132 times prediction finished! 
133 times prediction finished! 
134 times prediction finished! 
135 times prediction finished! 
136 times prediction finished! 
137 times prediction finished! 
138 times prediction finished! 
139 times prediction finished! 
140 times prediction finished! 
141 times prediction finished! 
142 times prediction finished! 
143 times prediction finished! 
144 times prediction finished! 
145 times prediction finished! 
146 times prediction finished! 
147 times prediction finished! 
148 times prediction finished! 
149 times prediction finished! 
150 times prediction finished! 
151 times prediction finished! 
152 times prediction finished! 
153 times prediction finished! 
154 times prediction finished! 
155 times prediction finished! 
156 times prediction finished! 
157 times prediction finished! 
158 times prediction finished! 
159 times prediction finished! 
160 times prediction finished! 
161 times prediction finished! 
162 times prediction finished! 
163 times prediction finished! 
164 times prediction finished! 
165 times prediction finished! 
166 times prediction finished! 
167 times prediction finished! 
168 times prediction finished! 
169 times prediction finished! 
170 times prediction finished! 
171 times prediction finished! 
172 times prediction finished! 
173 times prediction finished! 
174 times prediction finished! 
175 times prediction finished! 
176 times prediction finished! 
177 times prediction finished! 
178 times prediction finished! 
179 times prediction finished! 
180 times prediction finished! 
181 times prediction finished! 
182 times prediction finished! 
183 times prediction finished! 
184 times prediction finished! 
185 times prediction finished! 
186 times prediction finished! 
187 times prediction finished! 
188 times prediction finished! 
189 times prediction finished! 
190 times prediction finished! 
191 times prediction finished! 
192 times prediction finished! 
193 times prediction finished! 
194 times prediction finished! 
195 times prediction finished! 
196 times prediction finished! 
197 times prediction finished! 
198 times prediction finished! 
199 times prediction finished! 
200 times prediction finished! 
201 times prediction finished! 
202 times prediction finished! 
203 times prediction finished! 
204 times prediction finished! 
205 times prediction finished! 
206 times prediction finished! 
207 times prediction finished! 
208 times prediction finished! 
209 times prediction finished! 
210 times prediction finished! 
211 times prediction finished! 
212 times prediction finished! 
213 times prediction finished! 
214 times prediction finished! 
215 times prediction finished! 
216 times prediction finished! 
217 times prediction finished! 
218 times prediction finished! 
219 times prediction finished! 
220 times prediction finished! 
221 times prediction finished! 
222 times prediction finished! 
223 times prediction finished! 
224 times prediction finished! 
225 times prediction finished! 
226 times prediction finished! 
227 times prediction finished! 
228 times prediction finished! 
229 times prediction finished! 
230 times prediction finished! 
231 times prediction finished! 
232 times prediction finished! 
233 times prediction finished! 
234 times prediction finished! 
235 times prediction finished! 
236 times prediction finished! 
237 times prediction finished! 
238 times prediction finished! 
239 times prediction finished! 
240 times prediction finished! 
241 times prediction finished! 
242 times prediction finished! 
243 times prediction finished! 
244 times prediction finished! 
245 times prediction finished! 
246 times prediction finished! 
247 times prediction finished! 
248 times prediction finished! 
249 times prediction finished! 
250 times prediction finished! 
251 times prediction finished! 
252 times prediction finished! 
253 times prediction finished! 
254 times prediction finished! 
255 times prediction finished! 
256 times prediction finished! 
257 times prediction finished! 
258 times prediction finished! 
259 times prediction finished! 
260 times prediction finished! 
261 times prediction finished! 
262 times prediction finished! 
263 times prediction finished! 
264 times prediction finished! 
265 times prediction finished! 
266 times prediction finished! 
267 times prediction finished! 
268 times prediction finished! 
269 times prediction finished! 
270 times prediction finished! 
271 times prediction finished! 
272 times prediction finished! 
273 times prediction finished! 
274 times prediction finished! 
275 times prediction finished! 
276 times prediction finished! 
277 times prediction finished! 
278 times prediction finished! 
279 times prediction finished! 
280 times prediction finished! 
281 times prediction finished! 
282 times prediction finished! 
283 times prediction finished! 
284 times prediction finished! 
285 times prediction finished! 
286 times prediction finished! 
287 times prediction finished! 
288 times prediction finished! 
289 times prediction finished! 
290 times prediction finished! 
291 times prediction finished! 
292 times prediction finished! 
293 times prediction finished! 
294 times prediction finished! 
295 times prediction finished! 
296 times prediction finished! 
297 times prediction finished! 
298 times prediction finished! 
299 times prediction finished! 
300 times prediction finished! 
301 times prediction finished! 
302 times prediction finished! 
303 times prediction finished! 
304 times prediction finished! 
305 times prediction finished! 
306 times prediction finished! 
307 times prediction finished! 
308 times prediction finished! 
309 times prediction finished! 
310 times prediction finished! 
311 times prediction finished! 
312 times prediction finished! 
313 times prediction finished! 
314 times prediction finished! 
315 times prediction finished! 
316 times prediction finished! 
317 times prediction finished! 
318 times prediction finished! 
319 times prediction finished! 
320 times prediction finished! 
321 times prediction finished! 
322 times prediction finished! 
323 times prediction finished! 
324 times prediction finished! 
325 times prediction finished! 
326 times prediction finished! 
327 times prediction finished! 
328 times prediction finished! 
329 times prediction finished! 
330 times prediction finished! 
331 times prediction finished! 
332 times prediction finished! 
333 times prediction finished! 
334 times prediction finished! 
335 times prediction finished! 
336 times prediction finished! 
337 times prediction finished! 
338 times prediction finished! 
339 times prediction finished! 
340 times prediction finished! 
341 times prediction finished! 
342 times prediction finished! 
343 times prediction finished! 
344 times prediction finished! 
345 times prediction finished! 
model training finished!
model last loss:  0.004913294797687859
147.38364092450973
kupiec 检验：不拒绝原假设, 违约次数: 19
147.38364092450973
kupiec 检验：不拒绝原假设, 违约次数: 19